Total numbers of palindroms: 5788
1002001
1112111
1113111
1115111
1140411
1187811
1222221
1226221
1234321
1265621
1290921
1296921
1332331
1345431
1350531
1356531
1357531
1359531
1380831
1384831
1413141
1427241
1442441
1451541
1475741
1478741
1480841
1484841
1500051
1501051
1503051
1517151
1525251
1534351
1552551
1560651
1588851
1593951
1617161
1622261
1626261
1634361
1637361
1639361
1644461
1649461
1662661
1682861
1686861
1696961
1710171
1718171
1719171
1726271
1727271
1741471
1765671
1766671
1772771
1781871
1782871
1784871
1792971
1794971
1821281
1825281
1827281
1828281
1840481
1846481
1869681
1882881
1891981
1911191
1918191
1920291
1929291
1938391
1950591
1955591
1964691
1980891
1983891
1985891
1992991
2004002
2005002
2012102
2013102
2019102
2022202
2029202
2030302
2033302
2034302
2040402
2047402
2048402
2054502
2062602
2065602
2066602
2070702
2071702
2075702
2079702
2083802
2087802
2090902
2094902
2095902
2096902
2098902
2100012
2102012
2106012
2109012
2110112
2111112
2112112
2114112
2115112
2122212
2123212
2126212
2127212
2128212
2132312
2133312
2134312
2135312
2138312
2141412
2143412
2148412
2149412
2150512
2151512
2152512
2154512
2155512
2157512
2158512
2161612
2163612
2173712
2174712
2175712
2176712
2177712
2182812
2184812
2185812
2188812
2191912
2192912
2193912
2194912
2196912
2198912
2199912
2206022
2212122
2213122
2216122
2224222
2226222
2230322
2231322
2233322
2234322
2237322
2238322
2242422
2248422
2249422
2251522
2252522
2263622
2267622
2272722
2273722
2275722
2280822
2294922
2295922
2297922
2299922
2300032
2302032
2303032
2304032
2306032
2309032
2310132
2312132
2316132
2320232
2321232
2323232
2324232
2325232
2327232
2332332
2334332
2342432
2343432
2346432
2347432
2349432
2351532
2352532
2355532
2356532
2357532
2358532
2361632
2365632
2368632
2370732
2373732
2374732
2376732
2378732
2380832
2383832
2386832
2390932
2396932
2398932
2400042
2401042
2407042
2408042
2414142
2417142
2420242
2421242
2425242
2429242
2432342
2436342
2439342
2444442
2445442
2447442
2448442
2449442
2453542
2455542
2457542
2459542
2462642
2463642
2464642
2465642
2466642
2468642
2469642
2470742
2471742
2478742
2479742
2480842
2481842
2487842
2488842
2493942
2495942
2496942
2501052
2502052
2505052
2507052
2508052
2509052
2512152
2514152
2515152
2516152
2518152
2519152
2520252
2522252
2527252
2529252
2530352
2532352
2533352
2534352
2536352
2537352
2542452
2545452
2553552
2554552
2557552
2569652
2572752
2573752
2577752
2578752
2580852
2581852
2583852
2586852
2587852
2589852
2593952
2594952
2595952
2597952
2605062
2619162
2621262
2628262
2629262
2632362
2633362
2635362
2637362
2638362
2644462
2646462
2649462
2652562
2664662
2665662
2670762
2671762
2673762
2676762
2687862
2691962
2692962
2698962
2701072
2703072
2704072
2706072
2708072
2713172
2716172
2717172
2718172
2720272
2725272
2726272
2728272
2729272
2732372
2741472
2744472
2745472
2747472
2749472
2752572
2754572
2758572
2760672
2762672
2765672
2767672
2770772
2774772
2783872
2785872
2793972
2799972
2800082
2803082
2804082
2807082
2809082
2815182
2817182
2823282
2826282
2829282
2832382
2834382
2845482
2846482
2848482
2849482
2850582
2857582
2859582
2864682
2866682
2868682
2872782
2875782
2876782
2884882
2892982
2894982
2897982
2900092
2905092
2916192
2917192
2921292
2924292
2927292
2930392
2931392
2932392
2933392
2934392
2938392
2940492
2949492
2952592
2953592
2957592
2958592
2960692
2962692
2967692
2970792
2972792
2976792
2977792
2981892
2984892
2985892
2990992
2993992
2994992
2996992
2997992
2998992
2999992
3004003
3006003
3011103
3015103
3020203
3024203
3033303
3041403
3049403
3052503
3055503
3060603
3068603
3080803
3081803
3085803
3093903
3094903
3099903
3104013
3107013
3114113
3116113
3117113
3121213
3122213
3128213
3133313
3134313
3137313
3139313
3141413
3147413
3152513
3159513
3161613
3174713
3185813
3186813
3205023
3210123
3214123
3226223
3230323
3234323
3235323
3238323
3239323
3240423
3244423
3247423
3251523
3254523
3257523
3262623
3265623
3269623
3271723
3273723
3279723
3280823
3281823
3287823
3290923
3292923
3294923
3295923
3296923
3309033
3330333
3332333
3336333
3339333
3345433
3346433
3354533
3355533
3358533
3363633
3371733
3372733
3385833
3395933
3398933
3404043
3405043
3412143
3414143
3418143
3426243
3428243
3429243
3431343
3437343
3446443
3448443
3450543
3455543
3458543
3462643
3464643
3472743
3480843
3483843
3486843
3494943
3508053
3510153
3518153
3519153
3526253
3532353
3538353
3539353
3540453
3544453
3546453
3551553
3554553
3556553
3560653
3561653
3565653
3566653
3567653
3568653
3573753
3574753
3576753
3578753
3580853
3585853
3592953
3600063
3612163
3614163
3617163
3619163
3626263
3630363
3640463
3647463
3651563
3666663
3672763
3674763
3675763
3677763
3693963
3696963
3699963
3700073
3702073
3706073
3707073
3712173
3715173
3725273
3726273
3727273
3729273
3731373
3733373
3734373
3740473
3742473
3745473
3756573
3758573
3760673
3764673
3766673
3767673
3771773
3776773
3778773
3782873
3788873
3789873
3790973
3795973
3796973
3801083
3809083
3810183
3813183
3815183
3819183
3825283
3837383
3848483
3849483
3850583
3851583
3854583
3857583
3859583
3860683
3861683
3862683
3868683
3873783
3874783
3879783
3880883
3886883
3890983
3895983
3898983
3901093
3906093
3911193
3915193
3917193
3926293
3934393
3944493
3947493
3952593
3953593
3955593
3958593
3960693
3961693
3962693
3963693
3966693
3967693
3969693
3971793
3977793
3978793
3981893
3985893
3987893
3996993
4002004
4003004
4005004
4007004
4008004
4009004
4010104
4011104
4012104
4013104
4015104
4017104
4020204
4021204
4023204
4024204
4026204
4027204
4030304
4032304
4034304
4035304
4036304
4037304
4038304
4039304
4041404
4044404
4045404
4050504
4051504
4053504
4054504
4056504
4060604
4061604
4066604
4068604
4069604
4070704
4071704
4074704
4076704
4077704
4078704
4080804
4086804
4087804
4089804
4091904
4096904
4097904
4099904
4102014
4106014
4109014
4114114
4116114
4118114
4132314
4138314
4140414
4143414
4149414
4154514
4155514
4160614
4168614
4172714
4179714
4181814
4185814
4191914
4192914
4194914
4198914
4200024
4201024
4203024
4204024
4205024
4209024
4211124
4214124
4216124
4219124
4220224
4221224
4222224
4223224
4224224
4228224
4229224
4232324
4233324
4237324
4239324
4240424
4241424
4244424
4246424
4247424
4249424
4250524
4255524
4260624
4261624
4264624
4266624
4268624
4269624
4271724
4273724
4274724
4275724
4276724
4277724
4281824
4282824
4286824
4289824
4291924
4292924
4293924
4301034
4302034
4309034
4316134
4319134
4320234
4323234
4326234
4329234
4330334
4331334
4333334
4335334
4337334
4338334
4340434
4348434
4351534
4356534
4357534
4358534
4361634
4364634
4365634
4374734
4375734
4383834
4386834
4391934
4395934
4405044
4408044
4411144
4412144
4414144
4415144
4418144
4419144
4421244
4423244
4424244
4426244
4429244
4431344
4432344
4433344
4438344
4439344
4440444
4441444
4447444
4448444
4449444
4450544
4451544
4452544
4454544
4457544
4458544
4460644
4461644
4462644
4464644
4466644
4468644
4470744
4471744
4473744
4475744
4476744
4477744
4478744
4479744
4484844
4485844
4488844
4490944
4492944
4495944
4497944
4498944
4504054
4511154
4516154
4517154
4519154
4524254
4525254
4526254
4533354
4536354
4541454
4549454
4551554
4553554
4555554
4558554
4559554
4563654
4564654
4571754
4582854
4585854
4587854
4592954
4599954
4600064
4604064
4606064
4607064
4608064
4612164
4614164
4615164
4619164
4620264
4621264
4624264
4625264
4626264
4627264
4631364
4632364
4637364
4639364
4640464
4642464
4643464
4644464
4646464
4648464
4650564
4652564
4653564
4656564
4659564
4661664
4663664
4664664
4667664
4668664
4669664
4670764
4671764
4672764
4673764
4677764
4681864
4684864
4686864
4687864
4689864
4692964
4695964
4697964
4699964
4700074
4702074
4703074
4705074
4707074
4710174
4714174
4718174
4721274
4724274
4726274
4728274
4730374
4731374
4735374
4738374
4743474
4746474
4750574
4754574
4756574
4759574
4769674
4770774
4772774
4774774
4778774
4781874
4786874
4787874
4790974
4791974
4792974
4800084
4801084
4802084
4803084
4806084
4810184
4811184
4813184
4815184
4817184
4818184
4823284
4827284
4828284
4829284
4832384
4834384
4836384
4839384
4840484
4841484
4842484
4844484
4851584
4852584
4853584
4855584
4857584
4864684
4866684
4867684
4869684
4872784
4873784
4874784
4875784
4876784
4877784
4881884
4883884
4886884
4888884
4890984
4892984
4897984
4899984
4901094
4912194
4913194
4915194
4917194
4920294
4923294
4924294
4926294
4927294
4929294
4930394
4931394
4933394
4934394
4940494
4941494
4944494
4950594
4953594
4955594
4956594
4958594
4959594
4960694
4961694
4964694
4965694
4972794
4974794
4975794
4978794
4979794
4980894
4981894
4989894
4997994
4998994
5002005
5003005
5004005
5006005
5008005
5010105
5011105
5013105
5016105
5019105
5021205
5024205
5027205
5028205
5029205
5030305
5031305
5033305
5040405
5042405
5044405
5045405
5046405
5049405
5054505
5055505
5059505
5060605
5062605
5065605
5070705
5072705
5073705
5076705
5078705
5079705
5090905
5091905
5093905
5097905
5099905
5105015
5110115
5111115
5113115
5116115
5118115
5119115
5122215
5130315
5133315
5134315
5137315
5138315
5140415
5142415
5144415
5147415
5148415
5152515
5154515
5156515
5157515
5160615
5163615
5164615
5166615
5168615
5169615
5170715
5171715
5174715
5179715
5182815
5185815
5186815
5188815
5190915
5192915
5194915
5196915
5197915
5201025
5202025
5204025
5205025
5206025
5208025
5209025
5211125
5212125
5213125
5214125
5218125
5219125
5221225
5224225
5225225
5226225
5228225
5229225
5231325
5232325
5234325
5235325
5236325
5239325
5240425
5241425
5243425
5244425
5245425
5247425
5248425
5250525
5251525
5253525
5254525
5255525
5256525
5257525
5259525
5260625
5261625
5263625
5264625
5265625
5266625
5267625
5268625
5270725
5272725
5273725
5274725
5275725
5276725
5277725
5278725
5279725
5280825
5281825
5284825
5288825
5289825
5291925
5292925
5293925
5294925
5295925
5298925
5300035
5302035
5304035
5306035
5310135
5311135
5316135
5319135
5323235
5332335
5339335
5340435
5346435
5347435
5349435
5351535
5353535
5355535
5360635
5363635
5365635
5367635
5368635
5369635
5371735
5373735
5374735
5376735
5379735
5385835
5387835
5388835
5389835
5392935
5394935
5395935
5397935
5400045
5406045
5409045
5411145
5414145
5415145
5420245
5421245
5422245
5424245
5428245
5429245
5430345
5433345
5434345
5435345
5437345
5438345
5439345
5441445
5443445
5444445
5445445
5447445
5455545
5456545
5458545
5459545
5461645
5466645
5468645
5473745
5477745
5478745
5482845
5483845
5486845
5487845
5488845
5491945
5492945
5493945
5495945
5499945
5502055
5507055
5508055
5512155
5513155
5517155
5519155
5523255
5524255
5529255
5535355
5537355
5542455
5544455
5545455
5548455
5550555
5553555
5554555
5555555
5557555
5559555
5561655
5564655
5568655
5570755
5572755
5574755
5575755
5578755
5580855
5590955
5593955
5594955
5595955
5597955
5598955
5599955
5601065
5607065
5608065
5609065
5610165
5614165
5616165
5618165
5619165
5621265
5624265
5629265
5630365
5631365
5632365
5633365
5634365
5638365
5642465
5646465
5651565
5652565
5653565
5654565
5656565
5658565
5660665
5662665
5670765
5675765
5676765
5679765
5680865
5681865
5690965
5694965
5695965
5697965
5701075
5702075
5703075
5708075
5709075
5710175
5712175
5714175
5717175
5718175
5719175
5720275
5724275
5725275
5726275
5727275
5728275
5730375
5731375
5732375
5734375
5735375
5736375
5737375
5738375
5739375
5740475
5741475
5744475
5746475
5747475
5750575
5752575
5754575
5755575
5756575
5763675
5765675
5766675
5767675
5768675
5771775
5772775
5774775
5776775
5778775
5779775
5780875
5781875
5782875
5785875
5786875
5787875
5788875
5789875
5791975
5793975
5796975
5798975
5799975
5800085
5801085
5802085
5803085
5804085
5805085
5809085
5812185
5813185
5819185
5821285
5826285
5827285
5828285
5829285
5830385
5831385
5832385
5834385
5837385
5838385
5841485
5842485
5850585
5853585
5856585
5858585
5859585
5861685
5865685
5867685
5868685
5870785
5873785
5874785
5875785
5876785
5877785
5878785
5885885
5888885
5889885
5892985
5895985
5896985
5903095
5907095
5910195
5916195
5917195
5918195
5919195
5921295
5923295
5924295
5925295
5926295
5931395
5932395
5938395
5940495
5945495
5946495
5949495
5950595
5951595
5963695
5965695
5966695
5968695
5976795
5979795
5980895
5981895
5982895
5983895
5988895
5989895
5992995
5993995
5998995
6003006
6007006
6008006
6011106
6014106
6015106
6018106
6022206
6023206
6024206
6029206
6030306
6031306
6034306
6036306
6039306
6040406
6045406
6046406
6047406
6048406
6050506
6051506
6054506
6057506
6066606
6067606
6070706
6071706
6073706
6075706
6079706
6082806
6084806
6089806
6090906
6094906
6099906
6102016
6104016
6105016
6107016
6112116
6115116
6119116
6120216
6124216
6127216
6129216
6132316
6133316
6136316
6140416
6142416
6143416
6145416
6148416
6151516
6153516
6156516
6157516
6158516
6160616
6161616
6162616
6164616
6166616
6167616
6169616
6171716
6172716
6176716
6177716
6178716
6181816
6182816
6183816
6185816
6186816
6188816
6189816
6193916
6194916
6199916
6201026
6203026
6208026
6216126
6217126
6218126
6219126
6220226
6222226
6223226
6228226
6230326
6233326
6234326
6238326
6242426
6243426
6244426
6248426
6253526
6259526
6262626
6263626
6266626
6268626
6269626
6270726
6277726
6279726
6281826
6282826
6284826
6289826
6291926
6293926
6294926
6295926
6297926
6300036
6305036
6306036
6310136
6311136
6315136
6317136
6318136
6319136
6323236
6326236
6330336
6332336
6333336
6334336
6336336
6337336
6341436
6344436
6346436
6347436
6349436
6350536
6353536
6358536
6359536
6360636
6361636
6362636
6366636
6369636
6371736
6373736
6376736
6378736
6383836
6387836
6389836
6390936
6393936
6394936
6396936
6399936
6407046
6413146
6418146
6420246
6425246
6428246
6430346
6432346
6437346
6443446
6445446
6447446
6448446
6451546
6453546
6454546
6455546
6460646
6468646
6472746
6476746
6480846
6481846
6487846
6488846
6489846
6490946
6492946
6497946
6500056
6501056
6502056
6503056
6506056
6507056
6510156
6513156
6514156
6516156
6518156
6521256
6523256
6526256
6528256
6530356
6531356
6538356
6545456
6546456
6547456
6548456
6553556
6554556
6555556
6557556
6558556
6560656
6566656
6568656
6570756
6575756
6576756
6579756
6581856
6582856
6585856
6587856
6589856
6591956
6592956
6593956
6595956
6596956
6598956
6599956
6611166
6612166
6614166
6622266
6624266
6625266
6631366
6632366
6636366
6639366
6647466
6648466
6649466
6650566
6651566
6655566
6660666
6664666
6665666
6666666
6667666
6668666
6670766
6671766
6673766
6676766
6677766
6679766
6683866
6687866
6690966
6691966
6693966
6696966
6699966
6700076
6704076
6705076
6706076
6707076
6709076
6710176
6713176
6714176
6716176
6722276
6727276
6729276
6732376
6734376
6735376
6738376
6739376
6741476
6746476
6748476
6750576
6753576
6754576
6758576
6759576
6760676
6761676
6767676
6770776
6772776
6773776
6774776
6775776
6778776
6780876
6782876
6783876
6784876
6786876
6788876
6789876
6791976
6792976
6794976
6795976
6797976
6808086
6819186
6823286
6824286
6828286
6830386
6832386
6834386
6839386
6841486
6843486
6851586
6856586
6860686
6862686
6863686
6865686
6870786
6875786
6879786
6885886
6889886
6894986
6896986
6898986
6899986
6900096
6906096
6908096
6909096
6910196
6911196
6914196
6917196
6921296
6922296
6923296
6926296
6927296
6930396
6931396
6932396
6934396
6935396
6936396
6939396
6942496
6944496
6946496
6948496
6949496
6950596
6952596
6960696
6963696
6964696
6965696
6966696
6968696
6969696
6974796
6975796
6976796
6980896
6987896
6992996
6996996
7001007
7002007
7010107
7011107
7012107
7013107
7019107
7029207
7030307
7031307
7034307
7037307
7040407
7044407
7047407
7048407
7049407
7059507
7060607
7064607
7068607
7075707
7076707
7077707
7078707
7081807
7085807
7086807
7089807
7091907
7094907
7098907
7102017
7103017
7106017
7111117
7112117
7113117
7119117
7123217
7124217
7127217
7130317
7135317
7137317
7143417
7148417
7152517
7153517
7154517
7157517
7162617
7163617
7167617
7171717
7172717
7174717
7176717
7182817
7184817
7187817
7189817
7192917
7199917
7202027
7207027
7208027
7209027
7211127
7214127
7219127
7221227
7222227
7228227
7229227
7230327
7232327
7234327
7235327
7239327
7241427
7248427
7251527
7252527
7254527
7262627
7264627
7265627
7272727
7273727
7274727
7281827
7283827
7284827
7289827
7290927
7293927
7297927
7299927
7313137
7316137
7321237
7328237
7334337
7336337
7338337
7339337
7340437
7343437
7345437
7351537
7353537
7355537
7361637
7363637
7364637
7370737
7371737
7373737
7377737
7379737
7383837
7384837
7389837
7391937
7393937
7404047
7405047
7406047
7407047
7408047
7410147
7413147
7414147
7418147
7425247
7429247
7430347
7431347
7433347
7437347
7438347
7442447
7443447
7446447
7448447
7449447
7451547
7455547
7462647
7469647
7470747
7474747
7483847
7488847
7490947
7492947
7499947
7500057
7502057
7505057
7515157
7516157
7522257
7525257
7528257
7535357
7543457
7544457
7545457
7548457
7550557
7552557
7555557
7556557
7563657
7572757
7574757
7575757
7581857
7583857
7585857
7590957
7598957
7601067
7613167
7615167
7616167
7624267
7625267
7626267
7627267
7634367
7635367
7637367
7645467
7652567
7653567
7656567
7660667
7663667
7664667
7670767
7671767
7672767
7675767
7676767
7678767
7679767
7684867
7685867
7689867
7692967
7694967
7699967
7702077
7706077
7710177
7711177
7714177
7723277
7724277
7728277
7732377
7735377
7736377
7738377
7740477
7744477
7754577
7757577
7759577
7762677
7765677
7767677
7768677
7770777
7773777
7777777
7780877
7786877
7790977
7799977
7801087
7804087
7805087
7809087
7812187
7816187
7817187
7822287
7824287
7828287
7829287
7830387
7835387
7836387
7844487
7845487
7846487
7847487
7851587
7852587
7854587
7857587
7860687
7861687
7869687
7871787
7879787
7880887
7882887
7887887
7890987
7893987
7894987
7896987
7900097
7902097
7904097
7918197
7919197
7920297
7925297
7928297
7929297
7931397
7937397
7940497
7945497
7950597
7951597
7956597
7963697
7964697
7968697
7972797
7973797
7980897
7981897
7983897
7992997
7993997
7994997
7995997
7997997
7998997
8001008
8004008
8006008
8007008
8009008
8010108
8011108
8014108
8017108
8018108
8019108
8020208
8021208
8022208
8023208
8024208
8025208
8026208
8027208
8028208
8029208
8030308
8034308
8035308
8040408
8041408
8042408
8043408
8045408
8046408
8047408
8048408
8049408
8054508
8057508
8060608
8063608
8064608
8065608
8068608
8070708
8072708
8073708
8076708
8078708
8079708
8080808
8081808
8082808
8083808
8085808
8086808
8088808
8090908
8092908
8098908
8101018
8102018
8104018
8107018
8109018
8110118
8112118
8114118
8115118
8117118
8119118
8121218
8122218
8124218
8125218
8130318
8134318
8143418
8150518
8152518
8157518
8162618
8167618
8168618
8173718
8175718
8177718
8178718
8181818
8182818
8184818
8188818
8189818
8190918
8193918
8195918
8198918
8199918
8203028
8204028
8205028
8210128
8212128
8213128
8214128
8215128
8218128
8223228
8225228
8227228
8228228
8230328
8231328
8232328
8233328
8234328
8238328
8239328
8249428
8250528
8251528
8254528
8256528
8258528
8259528
8261628
8264628
8268628
8272728
8274728
8277728
8278728
8280828
8283828
8286828
8290928
8291928
8292928
8293928
8294928
8298928
8299928
8302038
8305038
8306038
8315138
8318138
8319138
8323238
8326238
8327238
8329238
8332338
8335338
8337338
8338338
8342438
8346438
8347438
8356538
8357538
8360638
8364638
8366638
8368638
8372738
8375738
8376738
8382838
8390938
8392938
8393938
8396938
8398938
8400048
8401048
8402048
8406048
8407048
8408048
8411148
8413148
8415148
8416148
8417148
8418148
8419148
8421248
8422248
8425248
8426248
8428248
8434348
8435348
8440448
8442448
8443448
8444448
8446448
8447448
8448448
8453548
8455548
8456548
8457548
8458548
8461648
8463648
8464648
8466648
8467648
8468648
8469648
8470748
8471748
8475748
8476748
8478748
8480848
8481848
8482848
8485848
8488848
8489848
8490948
8495948
8496948
8513158
8518158
8520258
8526258
8543458
8545458
8549458
8551558
8552558
8555558
8556558
8557558
8558558
8563658
8564658
8566658
8569658
8570758
8575758
8577758
8578758
8580858
8581858
8582858
8583858
8584858
8591958
8592958
8595958
8598958
8599958
8601068
8602068
8603068
8604068
8610168
8611168
8615168
8616168
8617168
8618168
8621268
8622268
8624268
8627268
8629268
8630368
8632368
8634368
8635368
8639368
8640468
8641468
8646468
8653568
8655568
8657568
8659568
8660668
8662668
8665668
8666668
8669668
8670768
8672768
8673768
8674768
8676768
8677768
8679768
8680868
8681868
8687868
8688868
8689868
8690968
8691968
8692968
8693968
8697968
8698968
8700078
8702078
8709078
8712178
8714178
8718178
8719178
8722278
8725278
8726278
8727278
8728278
8731378
8737378
8739378
8741478
8744478
8747478
8750578
8755578
8758578
8762678
8763678
8769678
8771778
8775778
8776778
8777778
8779778
8784878
8785878
8786878
8790978
8794978
8798978
8799978
8801088
8803088
8807088
8812188
8815188
8817188
8819188
8822288
8824288
8825288
8828288
8838388
8839388
8841488
8842488
8845488
8846488
8847488
8848488
8853588
8859588
8861688
8862688
8863688
8864688
8866688
8870788
8873788
8876788
8877788
8878788
8880888
8881888
8882888
8883888
8885888
8887888
8888888
8890988
8891988
8895988
8901098
8904098
8906098
8908098
8910198
8913198
8916198
8921298
8922298
8926298
8927298
8929298
8931398
8932398
8935398
8938398
8943498
8950598
8951598
8954598
8957598
8965698
8968698
8970798
8971798
8975798
8986898
8991998
8992998
8996998
8997998
8998998
8999998
9008009
9013109
9017109
9020209
9021209
9025209
9029209
9031309
9032309
9033309
9034309
9036309
9038309
9039309
9040409
9044409
9050509
9054509
9055509
9057509
9058509
9059509
9060609
9069609
9074709
9081809
9090909
9092909
9094909
9096909
9098909
9099909
9104019
9108019
9111119
9112119
9118119
9120219
9129219
9130319
9133319
9142419
9144419
9157519
9162619
9175719
9176719
9177719
9180819
9182819
9183819
9186819
9194919
9197919
9202029
9203029
9206029
9207029
9216129
9220229
9221229
9224229
9226229
9234329
9237329
9239329
9246429
9248429
9252529
9253529
9258529
9260629
9262629
9263629
9264629
9267629
9268629
9270729
9273729
9276729
9278729
9283829
9285829
9298929
9299929
9301039
9303039
9307039
9313139
9315139
9317139
9323239
9325239
9326239
9330339
9333339
9335339
9339339
9340439
9341439
9346439
9348439
9349439
9352539
9358539
9359539
9362639
9363639
9364639
9365639
9366639
9371739
9373739
9380839
9381839
9386839
9387839
9389839
9391939
9393939
9394939
9399939
9406049
9408049
9409049
9411149
9412149
9418149
9422249
9430349
9435349
9436349
9438349
9443449
9445449
9449449
9456549
9458549
9459549
9461649
9462649
9463649
9472749
9478749
9483849
9490949
9496949
9501059
9502059
9503059
9506059
9507059
9508059
9512159
9516159
9519159
9520259
9521259
9524259
9533359
9534359
9535359
9539359
9545459
9549459
9550559
9557559
9559559
9563659
9564659
9565659
9567659
9569659
9571759
9573759
9575759
9579759
9582859
9584859
9587859
9589859
9592959
9593959
9596959
9599959
9600069
9606069
9607069
9616169
9618169
9619169
9621269
9623269
9628269
9630369
9640469
9648469
9651569
9652569
9656569
9660669
9667669
9675769
9680869
9681869
9685869
9689869
9690969
9691969
9695969
9698969
9701079
9704079
9706079
9708079
9716179
9722279
9725279
9728279
9729279
9737379
9742479
9746479
9748479
9751579
9753579
9756579
9761679
9771779
9775779
9783879
9786879
9790979
9794979
9800089
9802089
9804089
9813189
9816189
9826289
9827289
9830389
9832389
9839389
9840489
9850589
9851589
9854589
9857589
9858589
9861689
9866689
9869689
9872789
9874789
9876789
9877789
9879789
9881889
9887889
9890989
9892989
9895989
9898989
9899989
9900099
9904099
9905099
9910199
9914199
9917199
9933399
9936399
9939399
9940499
9941499
9943499
9944499
9946499
9951599
9953599
9961699
9968699
9973799
9974799
9975799
9976799
9984899
9985899
9986899
9990999
9992999
9994999
9996999
9999999
10011001
10022001
10033001
10044001
10055001
10066001
10077001
10099001
10100101
10111101
10122101
10177101
10200201
10211201
10233201
10244201
10255201
10288201
10299201
10322301
10344301
10355301
10366301
10400401
10411401
10422401
10433401
10477401
10488401
10533501
10544501
10566501
10577501
10588501
10599501
10622601
10655601
10666601
10677601
10699601
10711701
10722701
10766701
10788701
10799701
10800801
10811801
10822801
10833801
10844801
10855801
10877801
10900901
10911901
10933901
10966901
10988901
11000011
11022011
11066011
11077011
11099011
11100111
11111111
11122111
11144111
11155111
11166111
11211211
11222211
11255211
11266211
11288211
11300311
11344311
11366311
11377311
11400411
11466411
11488411
11499411
11500511
11522511
11555511
11566511
11588511
11599511
11600611
11611611
11622611
11655611
11699611
11711711
11722711
11733711
11788711
11822811
11844811
11877811
11888811
11911911
11922911
11933911
11977911
11999911
12000021
12011021
12033021
12055021
12066021
12077021
12100121
12122121
12133121
12144121
12155121
12166121
12188121
12200221
12211221
12222221
12233221
12244221
12333321
12344321
12366321
12377321
12399321
12422421
12455421
12488421
12499421
12533521
12544521
12600621
12633621
12644621
12699621
12700721
12788721
12844821
12888821
12899821
12900921
12933921
12955921
12966921
12999921
13000031
13022031
13033031
13044031
13055031
13088031
13100131
13144131
13155131
13166131
13177131
13199131
13200231
13222231
13244231
13255231
13266231
13277231
13311331
13322331
13355331
13388331
13422431
13444431
13466431
13500531
13511531
13533531
13544531
13555531
13566531
13600631
13644631
13688631
13700731
13722731
13744731
13766731
13811831
13833831
13855831
13877831
13911931
13933931
13955931
13977931
13988931
13999931
14033041
14044041
14055041
14077041
14088041
14100141
14111141
14144141
14155141
14200241
14222241
14255241
14266241
14277241
14311341
14322341
14366341
14411441
14455441
14477441
14499441
14511541
14522541
14533541
14544541
14555541
14577541
14588541
14600641
14622641
14655641
14677641
14722741
14788741
14799741
14811841
14822841
14855841
14866841
14911941
14922941
14955941
15055051
15066051
15100151
15122151
15133151
15144151
15155151
15166151
15177151
15199151
15200251
15233251
15244251
15255251
15266251
15300351
15355351
15366351
15399351
15411451
15422451
15433451
15444451
15488451
15500551
15511551
15544551
15599551
15600651
15611651
15622651
15633651
15666651
15688651
15699651
15722751
15755751
15766751
15777751
15788751
15866851
15911951
15922951
15933951
15944951
15966951
15988951
15999951
16000061
16011061
16055061
16088061
16100161
16133161
16177161
16200261
16211261
16233261
16277261
16299261
16388361
16399361
16400461
16444461
16455461
16477461
16500561
16533561
16633661
16655661
16666661
16688661
16700761
16744761
16766761
16777761
16800861
16811861
16833861
16844861
16866861
16877861
16900961
16911961
16922961
16944961
16977961
16999961
17022071
17044071
17055071
17088071
17100171
17111171
17166171
17188171
17211271
17233271
17288271
17299271
17300371
17322371
17333371
17344371
17366371
17377371
17388371
17433471
17455471
17466471
17499471
17511571
17522571
17533571
17555571
17588571
17611671
17633671
17644671
17655671
17666671
17688671
17700771
17711771
17733771
17744771
17755771
17788771
17799771
17822871
17877871
17888871
17955971
17977971
18022081
18033081
18044081
18066081
18077081
18099081
18100181
18111181
18122181
18177181
18188181
18200281
18211281
18244281
18277281
18299281
18311381
18344381
18399381
18411481
18477481
18522581
18566581
18577581
18599581
18622681
18633681
18666681
18699681
18700781
18711781
18788781
18799781
18800881
18811881
18822881
18844881
18888881
18899881
18900981
18955981
18966981
18999981
19011091
19088091
19100191
19111191
19144191
19166191
19177191
19188191
19233291
19255291
19299291
19322391
19355391
19377391
19399391
19400491
19444491
19455491
19488491
19533591
19599591
19622691
19633691
19688691
19700791
19733791
19744791
19755791
19777791
19788791
19799791
19811891
19833891
19866891
19877891
19933991
19944991
19966991
19977991
19988991
19999991
20011002
20022002
20044002
20066002
20088002
20100102
20122102
20166102
20200202
20211202
20222202
20244202
20277202
20299202
20311302
20344302
20377302
20399302
20400402
20422402
20433402
20466402
20488402
20500502
20522502
20533502
20544502
20566502
20577502
20588502
20599502
20611602
20644602
20655602
20688602
20699602
20722702
20733702
20755702
20766702
20777702
20788702
20799702
20800802
20822802
20833802
20844802
20855802
20866802
20899802
20922902
20933902
20944902
20977902
20988902
20999902
21000012
21022012
21033012
21088012
21099012
21100112
21111112
21122112
21133112
21144112
21166112
21200212
21211212
21233212
21244212
21277212
21288212
21299212
21311312
21322312
21333312
21344312
21355312
21377312
21388312
21411412
21422412
21433412
21455412
21477412
21500512
21511512
21533512
21544512
21555512
21566512
21577512
21599512
21633612
21655612
21666612
21688612
21699612
21722712
21733712
21766712
21788712
21799712
21800812
21811812
21833812
21844812
21855812
21877812
21899812
21911912
21922912
21933912
21944912
21966912
21988912
21999912
22000022
22011022
22044022
22055022
22111122
22133122
22144122
22155122
22166122
22177122
22200222
22222222
22244222
22288222
22300322
22322322
22333322
22366322
22377322
22388322
22422422
22444422
22477422
22500522
22511522
22533522
22566522
22588522
22599522
22600622
22633622
22688622
22699622
22744722
22755722
22766722
22777722
22788722
22800822
22833822
22899822
22944922
22955922
22988922
23000032
23011032
23044032
23055032
23066032
23077032
23088032
23100132
23122132
23144132
23155132
23166132
23177132
23199132
23200232
23211232
23222232
23233232
23255232
23266232
23288232
23300332
23311332
23322332
23344332
23355332
23388332
23399332
23400432
23411432
23433432
23444432
23455432
23466432
23477432
23488432
23522532
23555532
23566532
23577532
23611632
23655632
23666632
23677632
23699632
23700732
23711732
23755732
23777732
23788732
23799732
23800832
23811832
23833832
23855832
23899832
23911932
23944932
23955932
23966932
23977932
23999932
24000042
24022042
24066042
24122142
24155142
24177142
24200242
24244242
24255242
24266242
24277242
24288242
24300342
24333342
24344342
24355342
24366342
24377342
24400442
24422442
24444442
24466442
24488442
24500542
24533542
24544542
24555542
24566542
24577542
24599542
24633642
24666642
24688642
24699642
24733742
24766742
24777742
24811842
24844842
24899842
24911942
24955942
24966942
24999942
25000052
25022052
25033052
25044052
25055052
25077052
25088052
25100152
25111152
25122152
25133152
25144152
25155152
25177152
25188152
25200252
25211252
25255252
25277252
25299252
25300352
25322352
25333352
25344352
25366352
25377352
25388352
25399352
25411452
25433452
25444452
25466452
25477452
25522552
25533552
25544552
25555552
25566552
25577552
25588552
25599552
25600652
25622652
25644652
25655652
25666652
25677652
25688652
25699652
25700752
25711752
25766752
25777752
25800852
25833852
25844852
25866852
25877852
25899852
25900952
25922952
25933952
25955952
25977952
26000062
26011062
26033062
26044062
26066062
26088062
26100162
26133162
26144162
26155162
26188162
26199162
26200262
26233262
26288262
26333362
26344362
26377362
26388362
26400462
26411462
26433462
26444462
26477462
26488462
26500562
26555562
26577562
26588562
26622662
26633662
26644662
26677662
26711762
26744762
26755762
26766762
26799762
26811862
26844862
26877862
26888862
26899862
26922962
26944962
26955962
26977962
26988962
27000072
27011072
27044072
27055072
27077072
27088072
27099072
27122172
27144172
27166172
27177172
27188172
27199172
27200272
27211272
27222272
27266272
27277272
27299272
27322372
27333372
27344372
27366372
27377372
27388372
27399372
27400472
27422472
27433472
27466472
27477472
27499472
27500572
27511572
27522572
27555572
27577572
27588572
27599572
27600672
27622672
27633672
27644672
27655672
27666672
27677672
27688672
27699672
27700772
27711772
27722772
27744772
27755772
27766772
27777772
27788772
27799772
27800872
27811872
27822872
27833872
27844872
27855872
27866872
27877872
27899872
27933972
27966972
27977972
27988972
27999972
28033082
28055082
28066082
28077082
28088082
28111182
28133182
28155182
28177182
28200282
28222282
28233282
28255282
28288282
28333382
28355382
28388382
28400482
28411482
28444482
28455482
28477482
28500582
28511582
28533582
28544582
28555582
28566582
28588582
28599582
28622682
28644682
28655682
28744782
28766782
28822882
28833882
28877882
28899882
28900982
28922982
28944982
28955982
28966982
28977982
28988982
28999982
29000092
29011092
29022092
29044092
29055092
29077092
29100192
29111192
29122192
29133192
29144192
29177192
29188192
29200292
29222292
29277292
29288292
29299292
29311392
29344392
29366392
29399392
29411492
29433492
29444492
29455492
29466492
29500592
29522592
29566592
29599592
29611692
29622692
29655692
29666692
29688692
29711792
29733792
29744792
29766792
29788792
29799792
29800892
29833892
29844892
29855892
29877892
29888892
29899892
29911992
29922992
29933992
29944992
29977992
29988992
30011003
30033003
30066003
30077003
30099003
30166103
30211203
30266203
30277203
30300303
30311303
30333303
30366303
30411403
30422403
30444403
30488403
30511503
30522503
30533503
30544503
30577503
30600603
30633603
30699603
30755703
30777703
30811803
30822803
30922903
30966903
31111113
31144113
31200213
31222213
31244213
31288213
31300313
31322313
31411413
31444413
31455413
31500513
31533513
31566513
31588513
31611613
31644613
31655613
31688613
31733713
31744713
31777713
31800813
31844813
31866813
31944913
31955913
31988913
32044023
32055023
32088023
32099023
32100123
32133123
32155123
32166123
32188123
32211223
32244223
32255223
32300323
32311323
32322323
32433423
32466423
32488423
32555523
32655623
32677623
32700723
32755723
32766723
32777723
32822823
32833823
32855823
32911923
32944923
32955923
33000033
33066033
33122133
33133133
33144133
33255233
33300333
33333333
33355333
33366333
33388333
33422433
33433433
33455433
33466433
33499433
33522533
33544533
33577533
33633633
33666633
33722733
33755733
33766733
33844833
33877833
33888833
33900933
33977933
34000043
34022043
34055043
34077043
34111143
34144143
34177143
34200243
34222243
34244243
34277243
34299243
34300343
34366343
34377343
34388343
34444443
34477443
34500543
34566543
34599543
34600643
34655643
34677643
34700743
34711743
34755743
34777743
34799743
34800843
34833843
34899843
34977943
35011053
35044053
35055053
35066053
35077053
35099053
35133153
35166153
35200253
35222253
35255253
35288253
35299253
35300353
35311353
35400453
35422453
35466453
35488453
35500553
35511553
35522553
35588553
35611653
35644653
35688653
35700753
35744753
35766753
35799753
35822853
35877853
35888853
35911953
35944953
36000063
36022063
36033063
36077063
36099063
36122163
36199163
36211263
36222263
36266263
36300363
36366363
36388363
36399363
36422463
36433463
36444463
36499463
36511563
36577563
36600663
36633663
36666663
36677663
36688663
36699663
36722763
36799763
36822863
36855863
36922963
36999963
37033073
37055073
37077073
37133173
37155173
37222273
37266273
37288273
37300373
37344373
37444473
37477473
37488473
37499473
37533573
37577573
37599573
37688673
37711773
37722773
37733773
37744773
37777773
37799773
37822873
37833873
37844873
37933973
37944973
37966973
38033083
38044083
38077083
38088083
38122183
38133183
38144183
38155183
38166183
38255283
38266283
38299283
38300383
38355383
38411483
38500583
38588583
38611683
38622683
38655683
38677683
38700783
38722783
38777783
38800883
38855883
38877883
38888883
38944983
38999983
39000093
39011093
39022093
39066093
39099093
39211293
39222293
39277293
39300393
39377393
39400493
39444493
39455493
39600693
39622693
39666693
39744793
39755793
39777793
39788793
39811893
39866893
39933993
39955993
40022004
40033004
40044004
40088004
40111104
40133104
40144104
40177104
40199104
40200204
40211204
40244204
40300304
40311304
40322304
40344304
40355304
40366304
40377304
40399304
40400404
40411404
40422404
40433404
40444404
40477404
40488404
40511504
40533504
40544504
40555504
40566504
40577504
40599504
40622604
40655604
40677604
40688604
40699604
40700704
40733704
40744704
40755704
40766704
40800804
40833804
40844804
40855804
40866804
40877804
40899804
40900904
40911904
40922904
40944904
40955904
40966904
40977904
40988904
40999904
41122114
41144114
41155114
41177114
41188114
41222214
41233214
41255214
41266214
41277214
41288214
41311314
41333314
41355314
41400414
41433414
41466414
41477414
41488414
41500514
41522514
41555514
41577514
41588514
41633614
41644614
41677614
41688614
41699614
41700714
41711714
41722714
41777714
41788714
41855814
41866814
41911914
41922914
41944914
41955914
41977914
42000024
42011024
42033024
42044024
42066024
42099024
42122124
42133124
42177124
42199124
42200224
42211224
42222224
42244224
42255224
42266224
42288224
42299224
42300324
42311324
42333324
42344324
42366324
42388324
42400424
42411424
42422424
42433424
42455424
42466424
42488424
42522524
42533524
42544524
42577524
42599524
42622624
42633624
42644624
42655624
42666624
42677624
42688624
42700724
42722724
42744724
42755724
42766724
42788724
42822824
42844824
42855824
42866824
42900924
42933924
42966924
42977924
42999924
43055034
43100134
43133134
43144134
43177134
43188134
43200234
43233234
43255234
43266234
43299234
43322334
43355334
43377334
43400434
43411434
43444434
43477434
43499434
43555534
43566534
43644634
43655634
43699634
43733734
43777734
43800834
43811834
43833834
43877834
43933934
43944934
43955934
43988934
44000044
44022044
44033044
44055044
44077044
44088044
44099044
44100144
44111144
44122144
44133144
44144144
44155144
44166144
44188144
44211244
44222244
44233244
44255244
44266244
44288244
44299244
44311344
44333344
44355344
44377344
44388344
44399344
44400444
44444444
44455444
44477444
44488444
44499444
44511544
44522544
44555544
44566544
44588544
44599544
44600644
44633644
44644644
44655644
44666644
44677644
44711744
44733744
44744744
44755744
44766744
44777744
44788744
44799744
44811844
44844844
44877844
44888844
44900944
44911944
44922944
44944944
44955944
44988944
44999944
45000054
45011054
45033054
45099054
45122154
45155154
45166154
45199154
45200254
45255254
45277254
45299254
45300354
45399354
45400454
45455454
45477454
45500554
45544554
45577554
45633654
45677654
45699654
45722754
45733754
45744754
45755754
45788754
45811854
45822854
45855854
45899854
45933954
45966954
45988954
45999954
46000064
46022064
46055064
46088064
46100164
46111164
46133164
46155164
46166164
46177164
46199164
46200264
46211264
46233264
46244264
46255264
46288264
46299264
46322364
46333364
46344364
46355364
46377364
46400464
46411464
46422464
46433464
46444464
46455464
46466464
46500564
46511564
46522564
46555564
46566564
46577564
46600664
46622664
46633664
46644664
46655664
46688664
46744764
46755764
46800864
46811864
46822864
46866864
46877864
46888864
46900964
46911964
46933964
46955964
46966964
46988964
46999964
47000074
47022074
47033074
47044074
47144174
47177174
47199174
47255274
47288274
47299274
47311374
47322374
47388374
47400474
47422474
47433474
47500574
47522574
47555574
47588574
47600674
47611674
47622674
47633674
47644674
47666674
47688674
47733774
47744774
47788774
47822874
47922974
47933974
47944974
47977974
48000084
48044084
48055084
48099084
48100184
48122184
48155184
48166184
48177184
48188184
48199184
48211284
48244284
48277284
48300384
48311384
48322384
48344384
48355384
48366384
48377384
48399384
48400484
48455484
48488484
48499484
48522584
48533584
48555584
48566584
48599584
48600684
48633684
48655684
48666684
48688684
48700784
48722784
48744784
48755784
48766784
48799784
48800884
48844884
48855884
48888884
48900984
48911984
48922984
48933984
48944984
48955984
48966984
48977984
48999984
49055094
49066094
49088094
49099094
49166194
49177194
49188194
49200294
49233294
49277294
49300394
49344394
49355394
49388394
49400494
49411494
49444494
49544594
49566594
49599594
49622694
49633694
49688694
49699694
49744794
49766794
49777794
49822894
49866894
49877894
49899894
49922994
49933994
49955994
50044005
50055005
50099005
50100105
50155105
50177105
50222205
50288205
50300305
50311305
50333305
50344305
50377305
50433405
50455405
50500505
50511505
50522505
50533505
50555505
50566505
50599505
50611605
50633605
50644605
50666605
50677605
50699605
50711705
50722705
50799705
50800805
50833805
50855805
50888805
50900905
50911905
50922905
50933905
50944905
51033015
51066015
51099015
51122115
51155115
51177115
51199115
51200215
51299215
51300315
51311315
51322315
51344315
51355315
51366315
51400415
51422415
51455415
51466415
51477415
51488415
51500515
51511515
51544515
51622615
51666615
51733715
51755715
51777715
51788715
51800815
51811815
51844815
51855815
51866815
51877815
51899815
51955915
51977915
52000025
52011025
52033025
52088025
52099025
52100125
52133125
52177125
52188125
52200225
52244225
52255225
52288225
52299225
52300325
52344325
52366325
52377325
52388325
52400425
52411425
52422425
52444425
52477425
52488425
52499425
52500525
52511525
52522525
52533525
52555525
52566525
52577525
52599525
52600625
52633625
52655625
52677625
52688625
52711725
52722725
52733725
52744725
52777725
52788725
52800825
52855825
52899825
52933925
52966925
52977925
52988925
52999925
53044035
53155135
53166135
53200235
53288235
53311335
53355335
53377335
53400435
53422435
53433435
53477435
53500535
53511535
53522535
53533535
53588535
53611635
53644635
53655635
53666635
53688635
53744735
53755735
53766735
53788735
53799735
53811835
53822835
53866835
53877835
53888835
53899835
53900935
53966935
53977935
53988935
54000045
54099045
54100145
54122145
54177145
54199145
54211245
54277245
54288245
54299245
54300345
54322345
54344345
54433445
54444445
54455445
54477445
54500545
54511545
54533545
54544545
54555545
54577545
54600645
54611645
54633645
54644645
54655645
54722745
54744745
54755745
54766745
54822845
54877845
54899845
54900945
54944945
54966945
54988945
54999945
55000055
55033055
55088055
55111155
55122155
55133155
55144155
55177155
55222255
55233255
55299255
55322355
55333355
55411455
55444455
55466455
55488455
55499455
55500555
55533555
55555555
55599555
55622655
55633655
55655655
55688655
55700755
55744755
55799755
55800855
55866855
55900955
55988955
55999955
56055065
56066065
56100165
56111165
56155165
56188165
56211265
56222265
56244265
56344365
56422465
56433465
56466465
56488465
56500565
56522565
56544565
56566565
56588565
56611665
56655665
56666665
56677665
56711765
56733765
56766765
56799765
56822865
56844865
56855865
56888865
56900965
56944965
56977965
57000075
57011075
57055075
57077075
57133175
57155175
57177175
57188175
57211275
57222275
57244275
57255275
57266275
57299275
57300375
57322375
57333375
57344375
57355375
57399375
57455475
57500575
57511575
57544575
57555575
57577575
57600675
57622675
57677675
57688675
57699675
57722775
57733775
57755775
57788775
57800875
57811875
57844875
57855875
57866875
57877875
57911975
57922975
57955975
57966975
57999975
58011085
58022085
58055085
58122185
58144185
58166185
58188185
58199185
58200285
58211285
58222285
58244285
58266285
58300385
58322385
58344385
58355385
58366385
58400485
58411485
58422485
58466485
58477485
58500585
58600685
58700785
58711785
58744785
58833885
58855885
58866885
58888885
58900985
58911985
58955985
58966985
58999985
59011095
59044095
59077095
59111195
59133195
59177195
59200295
59222295
59255295
59311395
59377395
59399395
59400495
59422495
59455495
59500595
59555595
59566595
59622695
59644695
59666695
59688695
59700795
59722795
59733795
59744795
59766795
59788795
59822895
59855895
59877895
59888895
59900995
59911995
59944995
59955995
60022006
60033006
60066006
60155106
60166106
60211206
60299206
60300306
60322306
60366306
60377306
60388306
60422406
60500506
60522506
60600606
60622606
60633606
60666606
60700706
60711706
60722706
60766706
60788706
60822806
60844806
60933906
61000016
61011016
61022016
61033016
61077016
61088016
61177116
61200216
61211216
61222216
61233216
61255216
61266216
61277216
61300316
61322316
61388316
61411416
61444416
61477416
61488416
61500516
61533516
61544516
61566516
61577516
61599516
61600616
61611616
61644616
61655616
61677616
61699616
61700716
61711716
61722716
61755716
61777716
61800816
61833816
61855816
61866816
61877816
61888816
61899816
61911916
61977916
62077026
62111126
62133126
62222226
62288226
62300326
62322326
62344326
62399326
62400426
62488426
62500526
62511526
62544526
62577526
62588526
62600626
62611626
62644626
62700726
62733726
62788726
62822826
62855826
62877826
62888826
62911926
62944926
62966926
62988926
63000036
63011036
63066036
63077036
63099036
63111136
63144136
63155136
63188136
63199136
63211236
63244236
63300336
63322336
63333336
63366336
63388336
63399336
63400436
63411436
63455436
63488436
63511536
63522536
63533536
63588536
63599536
63600636
63611636
63622636
63633636
63688636
63722736
63744736
63755736
63799736
63822836
63833836
63844836
63877836
63888836
63966936
63999936
64088046
64100146
64144146
64200246
64266246
64333346
64344346
64422446
64433446
64488446
64500546
64533546
64544546
64566546
64599546
64600646
64622646
64644646
64677646
64711746
64788746
64866846
64900946
64922946
64933946
64955946
64988946
65022056
65044056
65100156
65122156
65155156
65166156
65211256
65266256
65288256
65344356
65377356
65422456
65433456
65444456
65455456
65466456
65477456
65500556
65522556
65544556
65588556
65600656
65611656
65622656
65655656
65666656
65700756
65733756
65744756
65766756
65788756
65799756
65811856
65844856
65855856
65877856
65888856
65911956
65933956
65944956
65977956
65999956
66000066
66011066
66033066
66055066
66122166
66155166
66199166
66266266
66288266
66333366
66477466
66499466
66500566
66544566
66555566
66577566
66600666
66611666
66666666
66722766
66744766
66755766
66777766
66788766
66844866
66866866
66900966
66966966
66999966
67011076
67099076
67122176
67144176
67155176
67177176
67188176
67233276
67266276
67300376
67322376
67344376
67366376
67422476
67455476
67466476
67499476
67500576
67533576
67544576
67566576
67577576
67599576
67600676
67611676
67622676
67666676
67677676
67688676
67700776
67711776
67766776
67777776
67788776
67811876
67833876
67844876
67866876
67888876
67900976
67922976
67933976
67955976
67966976
67999976
68000086
68011086
68044086
68100186
68133186
68166186
68177186
68222286
68288286
68377386
68388386
68400486
68444486
68488486
68500586
68522586
68533586
68566586
68577586
68600686
68677686
68700786
68755786
68888886
68922986
68944986
68966986
68977986
69000096
69022096
69033096
69122196
69188196
69199196
69200296
69211296
69244296
69255296
69277296
69300396
69322396
69355396
69366396
69411496
69422496
69466496
69477496
69488496
69499496
69555596
69588596
69600696
69633696
69666696
69677696
69699696
69733796
69744796
69755796
69788796
69811896
69844896
69855896
69888896
69900996
69911996
69933996
69955996
69966996
69977996
69988996
70055007
70099007
70111107
70200207
70288207
70311307
70455407
70466407
70477407
70644607
70699607
70700707
70777707
70800807
70922907
70977907
71011017
71288217
71511517
71522517
71588517
71611617
71688617
71700717
71711717
71822817
71888817
72099027
72144127
72199127
72300327
72322327
72499427
72599527
72633627
72699627
72700727
72722727
72800827
72922927
72999927
73000037
73022037
73111137
73244237
73299237
73444437
73577537
73622637
73700737
73733737
73822837
73933937
74199147
74233247
74288247
74333347
74388347
74522547
74700747
74744747
74844847
75055057
75088057
75155157
75300357
75400457
75422457
75455457
75699657
75700757
75755757
75899857
75922957
75966957
76144167
76322367
76388367
76433467
76533567
76599567
76700767
76766767
76777767
76799767
76800867
77000077
77033077
77099077
77222277
77700777
77722777
77766777
77800877
78077087
78122187
78177187
78700787
78755787
78811887
78822887
79022097
79177197
79188197
79355397
79411497
79555597
79622697
79700797
79833897
79922997
80011008
80033008
80066008
80100108
80111108
80199108
80211208
80222208
80288208
80388308
80400408
80433408
80477408
80488408
80511508
80566508
80644608
80766708
80800808
80822808
80844808
80855808
80866808
80877808
80888808
80899808
80911908
80988908
81055018
81099018
81122118
81188118
81366318
81422418
81455418
81588518
81633618
81699618
81700718
81799718
81800818
81811818
81866818
81999918
82033028
82133128
82177128
82211228
82244228
82288228
82299228
82311328
82333328
82355328
82433428
82466428
82500528
82511528
82577528
82655628
82666628
82699628
82700728
82711728
82744728
82800828
82866828
82899828
82933928
82988928
83000038
83166138
83266238
83377338
83611638
83644638
83677638
83800838
83811838
83822838
83844838
83855838
83944938
84033048
84066048
84155148
84177148
84233248
84277248
84400448
84422448
84444448
84488448
84511548
84522548
84544548
84600648
84622648
84655648
84666648
84688648
84699648
84722748
84733748
84755748
84788748
84800848
84811848
84844848
84877848
84900948
84911948
85000058
85044058
85055058
85144158
85377358
85411458
85688658
85800858
85911958
85988958
86077068
86111168
86166168
86255268
86266268
86288268
86311368
86366368
86377368
86400468
86533568
86555568
86577568
86588568
86599568
86611668
86644668
86677668
86700768
86755768
86766768
86800868
86888868
86944968
86977968
87033078
87122178
87144178
87211278
87266278
87388378
87622678
87711778
87788778
87799778
87800878
87811878
87888878
88000088
88033088
88111188
88155188
88211288
88222288
88277288
88288288
88322388
88388388
88444488
88477488
88666688
88788788
88800888
88811888
88833888
88922988
88933988
89011098
89055098
89311398
89377398
89433498
89477498
89500598
89533598
89644698
89733798
89800898
89811898
89900998
90033009
90122109
90188109
90511509
90722709
90877809
90900909
91800819
92544529
92700729
93122139
93600639
94200249
94222249
94500549
95400459
96300369
97200279
98100189
98344389
99000099
